1114
359
1790
1475
1345
505
143
1068
80
1384
837
859
1806
998
1729
1228
439
883
1136
1556
1890
374
208
781
1066
1486
260
541
626
293
520
681
689
1616
1154
1617
847
1537
397
696
1045
1419
1724
1153
1496
1777
972
1807
468
473
428
562
1625
393
1291
1931
1405
1003
1548
887
1366
1463
757
788
342
687
452
187
1920
365
641
785
1224
1085
1960
1828
141
778
825
1267
54
966
1215
72
1137
450
1511
1751
1804
1620
867
411
333
1451
1138
2000
1014
434
1362
1217
224
874
222
362
948
502
1409
158
472
1468
763
724
395
923
828
1046
129
713
653
114
1565
1924
1286
150
1257
1600
1287
1853
903
1190
1032
605
1589
1606
258
639
1941
950
1569
1029
748
1369
1611
549
377
729
1875
153
425
433
1638
1767
1484
407
1148
1838
1927
1705
1693
886
1974
190
1518
96
740
15
466
330
1329
827
594
35
1650
1246
1803
1918
470
1590
10
521
320
1529
202
1984
33
1453
732
1716
1715
1779
259
404
1914
1671
176
570
1328
728
1619
1826
996
1607
212
660
1679
418
1319
1280
983
1879
643
872
1567
1720
135
588
1225
1566
1884
940
765
1338
151
1596
284
1018
1121
1782
592
1662
440
171
839
1987
665
655
1124
1008
1747
92
709
924
1013
1372
978
658
803
949
1641
1181
1227
230
753
341
1549
1231
1216
386
1139
1422
164
1728
1245
691
990
1388
1574
238
321
997
783
1970
1849
1406
786
685
1802
971
714
166
654
1855
1818
1177
1428
1479
1541
268
761
896
767
773
1398
1900
1347
217
1143
1055
1573
304
1812
1341
1926
586
12
42
1022
575
337
1677
415
353
1686
958
512
1312
1462
1898
882
1627
970
1161
551
1734
635
1413
1951
817
1259
1993
852
1731
192
1482
581
1434
1092
509
1350
373
1144
489
1108
651
1158
736
283
1834
349
461
700
805
988
1520
1198
1340
1906
1538
1175
28
18
841
564
615
305
1485
1470
124
1861
371
645
1934
911
398
423
705
14
137
467
336
1310
702
442
85
1829
48
1953
1551
1183
1253
606
1639
1272
61
1628
1093
930
161
1797
361
325
1281
1525
1311
644
1967
708
1859
327
518
861
835
288
44
1383
162
917
873
915
721
82
1325
1344
367
103
424
1730
1697
126
1389
1332
1077
793
277
1982
290
1932
1593
587
1785
1455
916
1234
1432
1116
500
1104
1891
469
1546
460
419
1292
775
856
384
1980
46
343
804
1133
539
604
1832
611
9
52
1562
1083
1214
764
1856
198
715
1191
1059
1050
951
1111
863
1648
935
1722
243
231
300
494
875
1197
57
1760
1954
1572
1235
1364
27
733
787
8
1289
1813
248
534
399
795
1000
857
1732
358
1644
866
313
1262
56
1649
271
223
1989
1754
1809
93
1450
1411
1810
738
1477
1221
1208
409
180
616
1500
301
295
29
266
1376
664
1363
1285
725
1120
1510
497
441
1845
1205
1361
1979
1199
1683
1240
1922
446
6
11
251
1480
133
1836
834
583
1550
1885
458
554
934
1
111
1173
84
1079
21
901
1128
598
120
688
657
1090
1096
1074
1684
1005
1614
1007
1460
299
1233
1081
174
722
1601
921
897
51
663
678
1106
1570
808
454
666
1817
704
694
1738
1889
659
599
638
755
1057
165
780
1736
402
801
913
1401
1125
1170
670
683
491
1036
1167
1263
580
536
608
31
90
394
1668
876
1016
1949
298
431
769
925
189
1265
1039
927
824
496
270
582
94
1682
1134
623
156
1773
444
1415
974
1238
656
796
387
831
372
646
1962
60
1151
640
649
891
1847
1288
1172
1637
1080
1913
1091
1746
1174
1410
1452
1935
1942
396
614
206
1597
1604
797
1851
1195
695
1901
276
1483
1741
620
538
486
1975
884
731
1933
1377
630
530
677
946
477
662
335
1358
1786
899
1474
844
869
1899
1673
1435
1558
1478
1772
383
535
902
1726
571
885
1823
800
790
125
1755
1613
701
1252
1006
1753
578
999
1386
1739
1023
836
1763
532
720
1182
1585
1669
1339
525
759
511
987
813
1945
62
100
23
1061
1652
185
1078
1054
806
1301
739
627
1708
200
1794
39
609
79
41
1791
1719
1592
938
1027
241
515
1598
1904
811
985
1655
1765
1756
1069
1193
264
661
1295
1426
239
478
1646
1870
890
1241
24
577
380
392
1017
152
849
134
1921
812
747
78
1882
390
160
1647
1689
1653
1493
1990
1254
918
1110
1157
207
964
1346
1710
707
1577
1380
1636
219
1902
426
457
188
1373
121
1972
1743
1599
676
225
510
1082
548
838
5
590
819
194
40
1992
252
1126
1789
552
1976
1349
1334
1140
1211
956
1476
97
1929
1326
181
1780
256
1658
236
1661
1001
184
1423
929
1940
1835
1944
965
122
513
854
1135
1694
597
1533
1858
1524
506
1688
868
414
904
265
1996
618
1112
310
1072
1700
1472
7
65
1368
1035
952
957
750
814
1917
1781
1370
1909
281
567
853
1336
1718
257
1903
818
1995
1559
1048
1868
412
427
339
1132
1304
1348
375
706
984
1623
83
1706
289
1446
1186
1169
591
741
232
1064
1352
975
220
1737
347
1624
214
186
1466
752
1210
237
879
557
1397
947
128
1905
1019
760
448
323
376
810
1564
91
1201
1560
955
1219
573
907
1690
1916
105
1447
1360
199
1391
36
980
1327
378
727
1687
1759
675
1886
1712
1002
1645
1053
148
215
565
351
637
734
607
636
1609
1218
529
1171
1523
1955
1764
1873
1997
799
318
1563
1514
546
1256
326
1381
953
1816
1412
730
495
146
149
1088
1752
1555
1766
1290
168
338
316
319
632
1442
1591
1680
1561
914
1122
183
543
756
528
1504
278
1961
311
58
3
1337
159
523
673
1178
66
855
2
493
1762
1098
1723
1145
1313
1457
1031
485
1284
850
877
1894
1194
322
26
228
178
798
1343
1283
77
385
1300
820
1778
1883
1084
1788
1923
832
723
900
38
1750
1519
1099
1309
37
1521
1168
76
1695
1761
1047
1659
1517
1355
1928
1507
816
1390
762
1247
1881
1998
334
479
422
1365
1543
1602
182
292
1305
602
1958
749
1792
1192
363
937
1553
465
1545
1814
652
1581
1063
908
576
540
1969
1249
1243
1618
474
851
1973
1296
211
263
1307
498
1527
203
1986
931
488
1784
1209
1264
1631
871
307
59
234
789
123
912
1188
545
475
1459
197
922
104
388
1863
1844
1568
735
1448
563
499
1699
294
1471
537
668
1643
1505
1530
501
1869
1725
943
1950
75
566
815
1957
842
1887
1196
1060
1878
792
634
555
1324
642
1378
1146
1509
968
117
20
1880
1634
136
1872
1678
507
483
344
1400
1943
693
350
1467
906
140
829
1630
807
142
1150
710
1070
246
169
746
282
144
368
633
1033
744
840
1947
1276
354
963
1026
1865
1594
287
471
86
522
944
579
1852
692
1871
585
1382
242
1094
1608
1588
1408
179
1895
1232
360
1964
480
312
109
1251
1539
255
306
1769
410
379
1977
1915
1164
560
163
55
1983
1127
672
574
155
32
1735
1727
550
355
519
1162
63
1021
1038
508
435
196
624
1841
235
1010
401
50
1939
1632
1004
1978
1356
291
1176
1458
1587
370
98
504
669
1333
1058
47
1025
464
932
621
933
1733
1322
34
279
1075
1610
603
101
595
381
895
559
1822
324
794
941
1223
1508
650
1615
1275
17
1270
1819
1011
680
1758
130
1499
391
1353
1571
622
1864
216
1142
1830
1981
1392
1203
331
1481
527
711
1491
503
106
1579
369
267
1498
1582
1041
1067
1141
89
1342
893
1440
601
1226
617
848
1544
1222
67
1988
240
726
751
1892
1793
628
1959
544
1487
1429
1294
686
462
1919
262
1497
991
1862
1692
593
1552
115
993
1260
1159
1578
1897
1438
154
1101
743
269
920
280
456
1857
1642
516
1605
1206
275
1557
826
771
1105
1266
1850
1076
553
1097
766
245
1119
1421
1925
1948
976
1664
1528
1375
1351
172
823
1911
1633
568
1044
791
1635
992
1670
463
1152
1956
1274
742
302
1657
1387
49
449
1317
1129
1488
1277
1820
1424
1282
982
346
1385
1622
1787
1749
1576
1824
1663
774
102
1776
1464
229
417
698
1839
1811
345
629
758
1946
430
719
772
1354
227
1534
177
1028
833
432
1742
1436
754
1801
1335
1393
1073
74
822
1020
1667
1042
674
1837
648
1437
1672
625
1315
1842
1147
484
1445
1696
1113
1833
1273
308
1910
1100
1656
443
1220
1666
542
613
382
1502
1433
1049
490
1367
531
218
892
1888
455
68
1278
1269
95
1417
1131
1416
1799
1306
116
514
253
1575
1407
1009
1469
