1495
1799
1933
440
1922
1229
447
1108
977
1815
844
1520
344
402
1056
234
923
1111
1194
1047
1274
480
250
1696
475
856
1976
1644
435
1013
678
1457
134
356
418
213
1373
1323
1620
39
229
1259
1464
275
1562
1494
918
310
1027
1058
770
38
232
1211
1548
240
1316
1557
341
1209
113
40
1208
389
326
1230
1036
163
20
1517
1078
532
1961
1937
1550
372
713
1026
1914
747
262
198
740
1716
1390
1062
396
702
638
1835
828
1851
735
1946
510
247
1648
1749
1511
399
1546
700
1676
117
1691
346
1653
224
1674
1183
1879
1094
1193
1844
648
1795
1336
1641
1887
430
1134
1476
567
47
68
1524
194
7
1294
254
1112
1572
1654
1636
1842
908
1140
1122
609
938
1396
1999
1085
1435
929
1954
403
985
13
1102
1663
311
1826
1547
875
817
1453
656
1915
1125
14
1188
1837
1832
1630
207
37
34
822
651
1114
952
1608
1284
22
1781
1809
1802
1391
1106
1637
1048
927
1118
991
1071
1948
672
1551
1823
352
1598
1400
1200
1348
1590
541
366
1070
1128
383
1618
1084
1484
1283
1621
1642
272
1684
1552
1072
1163
1011
1180
1065
1917
1025
1727
959
1458
245
362
1470
1742
1289
160
888
882
482
1827
971
204
1029
1004
1322
106
1643
1769
897
1393
297
157
587
1250
283
1031
299
1119
869
673
1219
857
264
231
1602
73
1442
792
222
1343
1082
824
588
1771
1021
1185
1298
321
542
263
515
1405
839
1785
1831
93
1677
307
1133
1856
249
1776
571
1420
1468
1904
891
529
104
670
951
1263
1318
873
1345
1628
1478
400
497
1136
652
1732
1432
1046
859
1719
1958
980
836
116
1041
701
879
422
547
573
886
645
53
1054
1329
1659
979
1213
1519
464
332
1034
915
1287
211
122
1243
1544
592
1761
975
1363
1819
1320
1398
1352
312
578
276
1700
1174
948
1989
1093
119
762
704
682
398
1974
487
1759
1493
129
335
1790
1286
733
660
1686
472
1383
23
1672
425
1923
328
837
184
819
533
1051
101
170
974
755
1507
456
353
993
1333
606
1629
658
877
1838
1479
494
890
1968
1986
1353
649
89
1768
1016
1488
143
1523
374
1893
303
1973
461
1822
662
1731
1113
330
586
1414
361
95
1081
302
1227
237
1418
922
538
1892
1586
870
1300
228
499
512
1215
1783
1730
1313
892
1541
1624
620
868
19
1461
1130
190
681
1095
78
909
896
926
507
1040
43
1291
1143
1982
750
1908
1650
1144
468
57
1090
642
1722
823
165
500
582
1129
855
1836
1964
674
1235
639
1477
1779
87
1682
954
1703
365
1881
1077
1723
1270
172
1609
1155
1720
970
1443
1667
1775
1839
173
1595
781
1490
955
983
26
1332
1556
1214
473
1736
127
92
1436
790
439
1422
1750
1500
1979
1341
1645
1576
1807
1377
1202
1207
246
1811
10
323
287
225
502
1606
1142
1704
1502
253
585
978
155
1449
595
1217
1392
1633
1525
206
296
314
1774
1664
630
1437
984
1483
914
470
1688
324
867
1022
1810
840
552
376
519
1632
636
887
1728
391
738
1934
551
1123
54
419
1607
443
778
197
130
1060
1338
158
568
860
739
1680
756
1690
653
1707
1913
1920
1441
1599
405
1597
293
1256
1305
71
504
829
1952
1854
1018
544
1884
1292
1277
1116
135
1176
1951
810
1364
932
233
1579
147
865
1028
107
902
1043
666
995
255
881
1619
1371
804
1344
1584
450
460
1038
990
139
379
136
1406
1086
797
972
1419
257
1591
1430
1181
1369
603
1941
1206
1045
1670
3
998
1813
1092
775
1397
1266
150
1334
622
903
1423
780
1366
1150
1158
131
904
796
1326
1567
367
1930
1346
392
1309
248
799
159
1131
124
432
1101
1124
1105
1928
258
1669
1587
1712
110
1916
1306
417
351
1792
1379
1993
830
1554
751
267
241
695
31
1665
191
1474
1518
51
1971
703
1617
818
238
1314
1640
1592
395
631
140
874
858
1936
1751
1317
121
1812
200
976
880
1067
1335
576
643
864
539
850
667
478
787
861
1285
1955
1675
1239
397
1509
144
1568
760
1565
35
525
1793
86
981
1261
1301
168
1452
1513
1935
1310
1201
438
774
1170
338
1681
1903
1073
788
905
243
373
1440
838
1896
24
629
1538
1980
315
474
1603
936
61
580
610
741
937
1042
63
98
988
1825
1161
1921
511
709
1157
1861
1197
1288
1173
1817
1412
1321
749
239
1638
1864
736
1069
1972
1798
1145
1708
317
1818
1545
646
109
835
1867
1713
1255
1023
1604
1850
613
848
428
1671
420
841
1514
278
1388
1204
424
550
607
1456
1745
513
421
1959
1299
986
1186
591
401
1949
1002
414
1901
1990
884
1007
1099
388
218
705
758
1978
115
1588
1192
76
1014
1950
625
2
627
557
387
968
655
1088
368
516
1543
558
536
1471
1501
1714
1312
1721
1772
791
426
767
693
394
451
325
1526
1315
593
118
570
1257
1944
1744
18
524
732
1797
1845
294
471
714
449
1087
1600
457
614
742
74
628
176
146
612
1894
1496
901
584
619
942
1491
688
632
1898
763
1753
635
1403
1918
42
6
1269
556
226
156
602
484
916
537
1061
768
1455
784
411
640
1246
209
827
1096
83
1655
66
1970
79
1354
1179
1444
30
1808
608
1463
1678
1647
806
1234
772
1535
826
764
1622
1331
919
802
354
1849
1319
930
1512
958
65
1385
1938
618
706
1666
508
1593
686
251
1905
543
1148
690
208
1222
476
1020
1466
1166
807
114
1531
1870
1281
187
617
816
1168
1380
540
289
94
1635
1241
1804
15
1076
169
501
577
526
1575
1290
1589
358
1009
436
1467
601
776
575
1
285
1840
1177
996
292
1424
1693
349
505
407
737
1858
1639
1360
380
1770
876
574
1138
809
569
466
744
546
1760
280
305
1585
1649
689
1196
455
1347
1421
5
503
675
105
1225
1816
1559
186
966
1146
800
1694
1503
1265
1325
581
491
1880
1451
441
1153
1614
833
154
378
48
1860
634
924
1355
765
913
381
488
1394
710
1055
1097
210
1784
17
1706
811
1758
1740
696
1729
813
334
77
1438
453
1778
81
1616
1788
96
1926
863
84
304
133
743
548
600
753
1378
318
1803
465
216
1725
364
520
773
75
1555
1662
1121
1492
1434
644
125
1786
1960
745
386
795
1198
999
1248
1439
1977
345
1057
522
1035
1089
481
521
1843
215
477
284
1529
793
1661
724
1540
1805
1450
535
259
423
128
1141
1189
1066
1743
180
64
845
1764
1962
611
994
1475
1171
982
1024
1169
723
295
590
900
1942
1717
1754
327
1012
604
32
1965
203
152
707
181
1015
1162
1910
1767
28
1238
1506
782
1184
518
814
1530
1738
1988
1296
214
174
731
56
467
404
846
1469
1615
1431
1293
377
1115
1275
712
1929
1820
1374
1911
437
1931
1510
1382
757
1030
1233
1734
1224
885
808
933
722
761
1005
803
1683
41
183
566
260
715
1110
783
230
1271
1147
1975
812
1984
123
1156
1165
59
448
458
717
1582
1789
801
878
1646
730
50
1297
1337
1668
1983
852
1098
565
102
1890
1223
1863
1877
1242
1689
1482
27
872
1746
103
67
1247
1992
454
664
431
1126
883
1735
412
960
120
598
70
1295
594
1237
1504
661
329
719
1702
899
1773
282
1033
1882
1873
1737
964
62
1724
514
223
1927
1498
1957
1339
727
721
843
637
534
1342
1625
1627
25
650
889
1995
1806
1472
336
1499
1159
941
624
1487
1417
671
137
1830
599
1947
1710
1401
691
641
217
1231
1258
711
153
235
866
342
359
1389
1264
1175
308
337
348
288
605
1828
945
726
720
85
906
1446
1878
1425
1924
1791
1010
442
1943
1824
189
1601
1221
80
1327
668
728
1272
1351
1533
270
517
957
177
1883
1409
1370
82
60
1050
1907
244
444
252
1787
1560
1660
1135
445
748
1489
90
692
429
1701
279
192
1532
1711
1480
1739
490
1876
1987
1581
647
1709
1537
1906
946
531
1132
1019
1220
1564
1747
1052
212
1311
1542
1963
495
1780
1563
463
1695
1349
1236
1932
564
182
1762
626
1120
1766
1267
357
413
1278
1044
167
1481
1748
1445
1692
786
528
175
1399
1361
1558
1857
925
69
1715
992
1853
1726
1891
2000
669
1172
343
178
1801
1697
1657
269
261
1852
45
1195
1039
679
910
752
291
1897
309
989
1075
854
1068
944
683
313
111
1251
1925
1151
1966
834
1191
319
1885
1244
1855
708
1160
805
1465
1416
1427
1460
483
1109
1865
953
1365
1755
687
1841
1508
1869
469
479
486
300
1273
306
1833
1741
1866
1610
166
716
164
1515
1376
148
126
1900
141
759
201
44
415
1459
1308
1895
1203
1302
286
371
729
853
1276
1103
1304
1485
1210
621
1330
1139
301
1871
485
1280
1596
55
1059
1998
196
821
939
1549
1991
1997
350
1037
680
1359
931
1362
849
162
9
489
145
406
847
559
871
967
112
1426
1899
1875
1240
1433
331
965
273
1981
242
911
1000
1516
1407
1381
665
221
1847
1049
1656
862
1218
1539
676
950
789
11
142
108
1462
8
1473
46
1402
1190
1127
831
771
961
452
462
1886
1566
1178
962
663
509
33
506
1834
1395
1580
1428
1357
1384
1687
322
1350
907
684
779
623
1577
1685
408
949
12
1340
685
912
825
921
1612
1328
766
1814
1534
298
100
1003
1611
1001
149
1117
1862
1626
734
572
699
1821
553
1413
1889
1104
433
934
1985
940
633
1945
1969
1074
1454
1757
1874
842
496
1912
1282
1705
1253
1522
1415
1182
1651
21
1996
928
1919
1994
382
1408
1262
1561
1232
416
347
579
754
615
1583
935
1939
920
434
659
1064
698
274
1372
384
1386
1631
597
554
193
1368
657
1673
281
1573
1212
1448
947
794
725
1782
333
446
898
220
943
1794
963
1226
1953
563
1107
227
527
987
1152
1252
1358
1079
369
88
583
179
1679
132
339
1164
1387
1536
360
1571
893
49
266
1829
340
1017
268
1006
363
1888
1447
815
562
1249
1909
188
427
1578
1486
195
1411
36
1199
1527
1307
1658
1569
1859
1756
1796
1268
1848
1634
99
161
1718
151
785
1080
72
219
236
393
677
1187
16
1303
697
1245
409
832
1528
1605
97
718
375
1375
91
1100
1053
769
1497
1902
1570
1800
746
256
1410
1613
1008
1521
498
1091
851
1733
997
1574
202
1260
1698
290
171
271
549
1216
560
370
969
390
555
596
1752
1137
1149
1652
58
1505
1956
205
1594
798
1324
1777
1228
1063
1356
410
1967
654
320
316
616
894
1254
1553
561
4
355
1940
1846
1279
199
1623
1765
1872
1763
1167
52
385
956
277
530
523
138
820
1205
265
589
1699
459
1404
1429
917
493
492
777
29
1154
694
1868
895
1083
185
973
1367
1032
545
